2048
2049
2050
2051
2052
1536
1547
1039
15
1045
1559
1561
1562
1563
1572
1574
1575
1576
555
1591
56
1598
64
1090
1605
1608
1099
1103
80
1615
1622
1626
1628
1124
1641
1131
1132
1135
1139
1652
1140
1654
121
1149
1153
1666
645
1157
1161
1674
1163
1677
1167
1172
1689
1181
1182
672
1186
165
1703
1192
1193
1704
175
1200
1711
1205
695
184
698
1725
191
703
1734
1223
1225
1742
722
1755
1249
1763
1251
1254
1770
235
1264
1274
1791
1284
1805
1813
1304
1824
1314
294
1836
1325
1840
1328
1847
1851
831
1349
1352
843
1357
1869
1360
1361
1367
1372
1376
869
1895
875
1388
1901
1391
1393
1908
1396
1402
1405
381
896
1409
389
1927
904
1418
1933
1940
1431
1946
926
1438
1956
1444
1452
1453
428
1455
1460
1463
1468
1470
1471
1472
1985
1987
968
1992
1997
1488
1498
1499
1503
2027
2029
2030
1005
497
2044
1535
