2.048000000000000000e+03
2.049000000000000000e+03
2.050000000000000000e+03
2.051000000000000000e+03
2.052000000000000000e+03
1.536000000000000000e+03
1.547000000000000000e+03
1.039000000000000000e+03
1.500000000000000000e+01
1.045000000000000000e+03
1.559000000000000000e+03
1.561000000000000000e+03
1.562000000000000000e+03
1.563000000000000000e+03
1.572000000000000000e+03
1.574000000000000000e+03
1.575000000000000000e+03
1.576000000000000000e+03
5.550000000000000000e+02
1.591000000000000000e+03
5.600000000000000000e+01
1.598000000000000000e+03
6.400000000000000000e+01
1.090000000000000000e+03
1.605000000000000000e+03
1.608000000000000000e+03
1.099000000000000000e+03
1.103000000000000000e+03
8.000000000000000000e+01
1.615000000000000000e+03
1.622000000000000000e+03
1.626000000000000000e+03
1.628000000000000000e+03
1.124000000000000000e+03
1.641000000000000000e+03
1.131000000000000000e+03
1.132000000000000000e+03
1.135000000000000000e+03
1.139000000000000000e+03
1.652000000000000000e+03
1.140000000000000000e+03
1.654000000000000000e+03
1.210000000000000000e+02
1.149000000000000000e+03
1.153000000000000000e+03
1.666000000000000000e+03
6.450000000000000000e+02
1.157000000000000000e+03
1.161000000000000000e+03
1.674000000000000000e+03
1.163000000000000000e+03
1.677000000000000000e+03
1.167000000000000000e+03
1.172000000000000000e+03
1.689000000000000000e+03
1.181000000000000000e+03
1.182000000000000000e+03
6.720000000000000000e+02
1.186000000000000000e+03
1.650000000000000000e+02
1.703000000000000000e+03
1.192000000000000000e+03
1.193000000000000000e+03
1.704000000000000000e+03
1.750000000000000000e+02
1.200000000000000000e+03
1.711000000000000000e+03
1.205000000000000000e+03
6.950000000000000000e+02
1.840000000000000000e+02
6.980000000000000000e+02
1.725000000000000000e+03
1.910000000000000000e+02
7.030000000000000000e+02
1.734000000000000000e+03
1.223000000000000000e+03
1.225000000000000000e+03
1.742000000000000000e+03
7.220000000000000000e+02
1.755000000000000000e+03
1.249000000000000000e+03
1.763000000000000000e+03
1.251000000000000000e+03
1.254000000000000000e+03
1.770000000000000000e+03
2.350000000000000000e+02
1.264000000000000000e+03
1.274000000000000000e+03
1.791000000000000000e+03
1.284000000000000000e+03
1.805000000000000000e+03
1.813000000000000000e+03
1.304000000000000000e+03
1.824000000000000000e+03
1.314000000000000000e+03
2.940000000000000000e+02
1.836000000000000000e+03
1.325000000000000000e+03
1.840000000000000000e+03
1.328000000000000000e+03
1.847000000000000000e+03
1.851000000000000000e+03
8.310000000000000000e+02
1.349000000000000000e+03
1.352000000000000000e+03
8.430000000000000000e+02
1.357000000000000000e+03
1.869000000000000000e+03
1.360000000000000000e+03
1.361000000000000000e+03
1.367000000000000000e+03
1.372000000000000000e+03
1.376000000000000000e+03
8.690000000000000000e+02
1.895000000000000000e+03
8.750000000000000000e+02
1.388000000000000000e+03
1.901000000000000000e+03
1.391000000000000000e+03
1.393000000000000000e+03
1.908000000000000000e+03
1.396000000000000000e+03
1.402000000000000000e+03
1.405000000000000000e+03
3.810000000000000000e+02
8.960000000000000000e+02
1.409000000000000000e+03
3.890000000000000000e+02
1.927000000000000000e+03
9.040000000000000000e+02
1.418000000000000000e+03
1.933000000000000000e+03
1.940000000000000000e+03
1.431000000000000000e+03
1.946000000000000000e+03
9.260000000000000000e+02
1.438000000000000000e+03
1.956000000000000000e+03
1.444000000000000000e+03
1.452000000000000000e+03
1.453000000000000000e+03
4.280000000000000000e+02
1.455000000000000000e+03
1.460000000000000000e+03
1.463000000000000000e+03
1.468000000000000000e+03
1.470000000000000000e+03
1.471000000000000000e+03
1.472000000000000000e+03
1.985000000000000000e+03
1.987000000000000000e+03
9.680000000000000000e+02
1.992000000000000000e+03
1.997000000000000000e+03
1.488000000000000000e+03
1.498000000000000000e+03
1.499000000000000000e+03
1.503000000000000000e+03
2.027000000000000000e+03
2.029000000000000000e+03
2.030000000000000000e+03
1.005000000000000000e+03
4.970000000000000000e+02
2.044000000000000000e+03
1.535000000000000000e+03
